 Canal 1 (mV)	Tiempo (s)
.0290 	0
.0050 	15
.0065 	30
.0189 	45
-.0007 	60
-.0038 	75
-.0007 	90
-.0042 	105
.0040 	120
.0037 	135
.0027 	150
-.0014 	165
.0020 	180
-.0019 	195
-.0037 	210
-.0068 	225
.0023 	240
-.0031 	255
.0017 	270
-.0021 	285
-.0056 	300
-.0006 	315
-.0034 	330
-.0026 	345
-.0037 	360
.0025 	375
.0029 	390
-.0063 	405
-.0043 	420
-.0050 	435
-.0004 	450
.0022 	465
-.0031 	480
-.0013 	495
-.0050 	510
.0005 	525
-.0065 	540
-.0045 	555
.0020 	570
-.0039 	585
-.0019 	600
-.0037 	615
-.0033 	630
-.0028 	645
.0008 	660
.0011 	675
.0006 	690
.0010 	705
.0021 	720
.0011 	735
.0006 	750
.0026 	765
